128
K 3 3 0
p 0 0 1
p 0 1 1
p 0 2 1
p 0 3 1
p 0 4 1
p 0 5 1
p 0 6 1
p 0 7 1
p 1 0 1
p 1 1 1
p 1 2 1
p 1 3 1
p 1 4 1
p 1 5 1
p 1 6 1
p 1 7 1
p 2 0 1
p 2 1 1
p 2 2 1
p 2 3 1
p 2 4 1
p 2 5 1
p 2 6 1
p 2 7 1
p 3 0 1
p 3 1 1
p 3 2 1
p 3 3 1
p 3 4 1
p 3 5 1
p 3 7 3
p 4 0 1
p 4 1 1
p 4 2 1
p 4 3 1
p 4 4 1
p 4 5 1
p 4 6 1
p 4 7 1
p 5 0 1
p 5 1 1
p 5 2 1
p 5 3 1
p 5 4 1
p 5 5 1
p 5 6 1
p 5 7 1
p 6 0 1
p 6 1 1
p 6 2 1
p 6 3 1
p 6 4 1
p 6 5 1
p 6 6 1
p 6 7 1
p 7 0 1
p 7 1 1
p 7 2 1
p 7 3 1
p 7 4 1
p 7 5 1
p 7 6 1
p 7 7 1
r 0 0 0
r 0 1 0
r 0 2 0
r 0 3 0
r 0 4 0
r 0 5 0
r 0 6 0
r 0 7 0
r 1 0 0
k 1 1 0
k 1 2 0
k 1 3 0
k 1 4 0
k 1 5 0
k 1 6 0
r 1 7 0
r 2 0 0
k 2 1 0
b 2 2 0
b 2 3 0
b 2 4 0
b 2 5 0
k 2 6 0
r 2 7 0
r 3 0 0
k 3 1 0
b 3 2 0
q 3 4 0
b 3 5 0
k 3 6 0
r 3 7 0
r 4 0 0
k 4 1 0
b 4 2 0
q 4 3 0
q 4 4 0
b 4 5 0
k 4 6 0
r 4 7 0
r 5 0 0
k 5 1 0
b 5 2 0
b 5 3 0
b 5 4 0
b 5 5 0
k 5 6 0
r 5 7 0
r 6 0 0
k 6 1 0
k 6 2 0
k 6 3 0
k 6 4 0
k 6 5 0
k 6 6 0
r 6 7 0
r 7 0 0
r 7 1 0
r 7 2 0
r 7 3 0
r 7 4 0
r 7 5 0
r 7 6 0
r 7 7 0
p 3 6 3
128
K 3 3 7
p 0 0 6
p 0 1 6
p 0 2 6
p 0 3 6
p 0 4 6
p 0 5 6
p 0 6 6
p 0 7 6
p 1 0 6
p 1 1 6
p 1 2 6
p 1 3 6
p 1 4 6
p 1 5 6
p 1 6 6
p 1 7 6
p 2 0 6
p 2 1 6
p 2 2 6
p 2 3 6
p 2 4 6
p 2 5 6
p 2 6 6
p 2 7 6
p 3 0 6
p 3 1 6
p 3 2 6
p 3 3 6
p 3 4 6
p 3 5 6
p 3 6 6
p 3 7 4
p 4 0 6
p 4 1 6
p 4 2 6
p 4 3 6
p 4 4 6
p 4 5 6
p 4 6 6
p 4 7 6
p 5 0 6
p 5 1 6
p 5 2 6
p 5 3 6
p 5 4 6
p 5 5 6
p 5 6 6
p 5 7 6
p 6 0 6
p 6 1 6
p 6 2 6
p 6 3 6
p 6 4 6
p 6 5 6
p 6 6 6
p 6 7 6
p 7 0 6
p 7 1 6
p 7 2 6
p 7 3 6
p 7 4 6
p 7 5 6
p 7 6 6
p 7 7 6
r 0 0 7
r 0 1 7
r 0 2 7
r 0 3 7
r 0 4 7
r 0 5 7
r 0 6 7
r 0 7 7
r 1 0 7
k 1 1 7
k 1 2 7
k 1 3 7
k 1 4 7
k 1 5 7
k 1 6 7
r 1 7 7
r 2 0 7
k 2 1 7
b 2 2 7
b 2 3 7
b 2 4 7
b 2 5 7
k 2 6 7
r 2 7 7
r 3 0 7
k 3 1 7
b 3 2 7
q 3 4 7
b 3 5 7
k 3 6 7
r 3 7 7
r 4 0 7
k 4 1 7
b 4 2 7
q 4 3 7
q 4 4 7
b 4 5 7
k 4 6 7
r 4 7 7
r 5 0 7
k 5 1 7
b 5 2 7
b 5 3 7
b 5 4 7
b 5 5 7
k 5 6 7
r 5 7 7
r 6 0 7
k 6 1 7
k 6 2 7
k 6 3 7
k 6 4 7
k 6 5 7
k 6 6 7
r 6 7 7
r 7 0 7
r 7 1 7
r 7 2 7
r 7 3 7
r 7 4 7
r 7 5 7
r 7 6 7
r 7 7 7
